2 159
-1.5708 -1.55104
1.60189 -0.404712 -1.36031 -0.288666 
-1.55104 -1.53128
1.60231 -0.403898 -1.35978 -0.288553 
-1.53128 -1.51152
1.60312 -0.402313 -1.35875 -0.288328 
-1.51152 -1.49176
1.60429 -0.399997 -1.35721 -0.28799 
-1.49176 -1.472
1.60578 -0.396991 -1.3552 -0.287539 
-1.472 -1.45225
1.60758 -0.393334 -1.35271 -0.286977 
-1.45225 -1.43249
1.60964 -0.389066 -1.34977 -0.286302 
-1.43249 -1.41273
1.61196 -0.384225 -1.3464 -0.285516 
-1.41273 -1.39297
1.61449 -0.378849 -1.34259 -0.284618 
-1.39297 -1.37321
1.61721 -0.372976 -1.33837 -0.283609 
-1.37321 -1.35345
1.62011 -0.366642 -1.33376 -0.28249 
-1.35345 -1.33369
1.62316 -0.359883 -1.32877 -0.28126 
-1.33369 -1.31394
1.62634 -0.352734 -1.32341 -0.27992 
-1.31394 -1.29418
1.62963 -0.345229 -1.3177 -0.278471 
-1.29418 -1.27442
1.63301 -0.337402 -1.31165 -0.276913 
-1.27442 -1.25466
1.63645 -0.329285 -1.30528 -0.275247 
-1.25466 -1.2349
1.63996 -0.320911 -1.2986 -0.273474 
-1.2349 -1.21514
1.6435 -0.31231 -1.29164 -0.271594 
-1.21514 -1.19539
1.64706 -0.303512 -1.2844 -0.269608 
-1.19539 -1.17563
1.65063 -0.294547 -1.2769 -0.267517 
-1.17563 -1.15587
1.6542 -0.285443 -1.26915 -0.265321 
-1.15587 -1.13611
1.65775 -0.276227 -1.26118 -0.263022 
-1.13611 -1.11635
1.66127 -0.266926 -1.25299 -0.26062 
-1.11635 -1.09659
1.66476 -0.257565 -1.24461 -0.258116 
-1.09659 -1.07684
1.66819 -0.248169 -1.23604 -0.255511 
-1.07684 -1.05708
1.67157 -0.238761 -1.22731 -0.252807 
-1.05708 -1.03732
1.67488 -0.229365 -1.21842 -0.250004 
-1.03732 -1.01756
1.67812 -0.220002 -1.20939 -0.247104 
-1.01756 -0.997801
1.68127 -0.210693 -1.20024 -0.244107 
-0.997801 -0.978043
1.68435 -0.201456 -1.19098 -0.241014 
-0.978043 -0.958285
1.68733 -0.192312 -1.18164 -0.237828 
-0.958285 -0.938526
1.69021 -0.183278 -1.17221 -0.234549 
-0.938526 -0.918768
1.693 -0.174371 -1.16272 -0.231178 
-0.918768 -0.899009
1.69568 -0.165606 -1.15318 -0.227717 
-0.899009 -0.879251
1.69826 -0.156999 -1.1436 -0.224167 
-0.879251 -0.859492
1.70073 -0.148563 -1.13401 -0.220529 
-0.859492 -0.839734
1.7031 -0.140311 -1.12441 -0.216806 
-0.839734 -0.819975
1.70535 -0.132255 -1.11481 -0.212998 
-0.819975 -0.800217
1.7075 -0.124405 -1.10524 -0.209106 
-0.800217 -0.780459
1.70954 -0.116773 -1.0957 -0.205133 
-0.780459 -0.7607
1.71146 -0.109367 -1.08621 -0.20108 
-0.7607 -0.740942
1.71328 -0.102195 -1.07679 -0.196949 
-0.740942 -0.721183
1.71499 -0.0952633 -1.06743 -0.19274 
-0.721183 -0.701425
1.7166 -0.0885794 -1.05816 -0.188457 
-0.701425 -0.681666
1.7181 -0.0821482 -1.04899 -0.184099 
-0.681666 -0.661908
1.71951 -0.075974 -1.03994 -0.17967 
-0.661908 -0.642149
1.72081 -0.0700603 -1.031 -0.175171 
-0.642149 -0.622391
1.72202 -0.0644098 -1.0222 -0.170603 
-0.622391 -0.602633
1.72314 -0.0590243 -1.01355 -0.165969 
-0.602633 -0.582874
1.72417 -0.0539047 -1.00505 -0.16127 
-0.582874 -0.563116
1.72511 -0.0490512 -0.996728 -0.156508 
-0.563116 -0.543357
1.72597 -0.044463 -0.98858 -0.151685 
-0.543357 -0.523599
1.72675 -0.0401387 -0.980622 -0.146803 
-0.523599 -0.50384
1.72746 -0.036076 -0.972862 -0.141863 
-0.50384 -0.484082
1.7281 -0.032272 -0.965312 -0.136868 
-0.484082 -0.464323
1.72867 -0.0287229 -0.957981 -0.13182 
-0.464323 -0.444565
1.72918 -0.0254244 -0.950877 -0.12672 
-0.444565 -0.424807
1.72964 -0.0223713 -0.944009 -0.12157 
-0.424807 -0.405048
1.73004 -0.0195578 -0.937386 -0.116374 
-0.405048 -0.38529
1.73038 -0.0169776 -0.931016 -0.111131 
-0.38529 -0.365531
1.73069 -0.0146237 -0.924907 -0.105846 
-0.365531 -0.345773
1.73095 -0.0124884 -0.919065 -0.100519 
-0.345773 -0.326014
1.73117 -0.0105637 -0.913499 -0.0951526 
-0.326014 -0.306256
1.73136 -0.00884082 -0.908214 -0.0897493 
-0.306256 -0.286497
1.73151 -0.00731058 -0.903217 -0.0843109 
-0.286497 -0.266739
1.73164 -0.00596332 -0.898515 -0.0788396 
-0.266739 -0.246981
1.73174 -0.00478891 -0.894112 -0.0733376 
-0.246981 -0.227222
1.73183 -0.00377681 -0.890014 -0.0678069 
-0.227222 -0.207464
1.73189 -0.00291606 -0.886226 -0.0622497 
-0.207464 -0.187705
1.73194 -0.00219536 -0.882752 -0.0566682 
-0.187705 -0.167947
1.73198 -0.00160306 -0.879597 -0.0510647 
-0.167947 -0.148188
1.73201 -0.00112721 -0.876763 -0.0454411 
-0.148188 -0.12843
1.73202 -0.000755568 -0.874255 -0.0397999 
-0.12843 -0.108671
1.73204 -0.000475654 -0.872076 -0.0341431 
-0.108671 -0.088913
1.73204 -0.00027477 -0.870227 -0.028473 
-0.088913 -0.0691546
1.73205 -0.000140031 -0.868712 -0.0227917 
-0.0691546 -0.0493961
1.73205 -5.83941e-05 -0.867531 -0.0171016 
-0.0493961 -0.0296377
1.73205 -1.66938e-05 -0.866687 -0.0114048 
-0.0296377 -0.00987922
1.73205 -1.66997e-06 -0.86618 -0.00570349 
-0.00987922 0.00987922
1.73205 -2.37263e-18 -0.866011 3.74599e-15 
0.00987922 0.0296377
1.73205 1.66997e-06 -0.86618 0.00570349 
0.0296377 0.0493961
1.73205 1.66938e-05 -0.866687 0.0114048 
0.0493961 0.0691546
1.73205 5.83941e-05 -0.867531 0.0171016 
0.0691546 0.088913
1.73205 0.000140031 -0.868712 0.0227917 
0.088913 0.108671
1.73204 0.00027477 -0.870227 0.028473 
0.108671 0.12843
1.73204 0.000475654 -0.872076 0.0341431 
0.12843 0.148188
1.73202 0.000755568 -0.874255 0.0397999 
0.148188 0.167947
1.73201 0.00112721 -0.876763 0.0454411 
0.167947 0.187705
1.73198 0.00160306 -0.879597 0.0510647 
0.187705 0.207464
1.73194 0.00219536 -0.882752 0.0566682 
0.207464 0.227222
1.73189 0.00291606 -0.886226 0.0622497 
0.227222 0.246981
1.73183 0.00377681 -0.890014 0.0678069 
0.246981 0.266739
1.73174 0.00478891 -0.894112 0.0733376 
0.266739 0.286497
1.73164 0.00596332 -0.898515 0.0788396 
0.286497 0.306256
1.73151 0.00731058 -0.903217 0.0843109 
0.306256 0.326014
1.73136 0.00884082 -0.908214 0.0897493 
0.326014 0.345773
1.73117 0.0105637 -0.913499 0.0951526 
0.345773 0.365531
1.73095 0.0124884 -0.919065 0.100519 
0.365531 0.38529
1.73069 0.0146237 -0.924907 0.105846 
0.38529 0.405048
1.73038 0.0169776 -0.931016 0.111131 
0.405048 0.424807
1.73004 0.0195578 -0.937386 0.116374 
0.424807 0.444565
1.72964 0.0223713 -0.944009 0.12157 
0.444565 0.464323
1.72918 0.0254244 -0.950877 0.12672 
0.464323 0.484082
1.72867 0.0287229 -0.957981 0.13182 
0.484082 0.50384
1.7281 0.032272 -0.965312 0.136868 
0.50384 0.523599
1.72746 0.036076 -0.972862 0.141863 
0.523599 0.543357
1.72675 0.0401387 -0.980622 0.146803 
0.543357 0.563116
1.72597 0.044463 -0.98858 0.151685 
0.563116 0.582874
1.72511 0.0490512 -0.996728 0.156508 
0.582874 0.602633
1.72417 0.0539047 -1.00505 0.16127 
0.602633 0.622391
1.72314 0.0590243 -1.01355 0.165969 
0.622391 0.642149
1.72202 0.0644098 -1.0222 0.170603 
0.642149 0.661908
1.72081 0.0700603 -1.031 0.175171 
0.661908 0.681666
1.71951 0.075974 -1.03994 0.17967 
0.681666 0.701425
1.7181 0.0821482 -1.04899 0.184099 
0.701425 0.721183
1.7166 0.0885794 -1.05816 0.188457 
0.721183 0.740942
1.71499 0.0952633 -1.06743 0.19274 
0.740942 0.7607
1.71328 0.102195 -1.07679 0.196949 
0.7607 0.780459
1.71146 0.109367 -1.08621 0.20108 
0.780459 0.800217
1.70954 0.116773 -1.0957 0.205133 
0.800217 0.819975
1.7075 0.124405 -1.10524 0.209106 
0.819975 0.839734
1.70535 0.132255 -1.11481 0.212998 
0.839734 0.859492
1.7031 0.140311 -1.12441 0.216806 
0.859492 0.879251
1.70073 0.148563 -1.13401 0.220529 
0.879251 0.899009
1.69826 0.156999 -1.1436 0.224167 
0.899009 0.918768
1.69568 0.165606 -1.15318 0.227717 
0.918768 0.938526
1.693 0.174371 -1.16272 0.231178 
0.938526 0.958285
1.69021 0.183278 -1.17221 0.234549 
0.958285 0.978043
1.68733 0.192312 -1.18164 0.237828 
0.978043 0.997801
1.68435 0.201456 -1.19098 0.241014 
0.997801 1.01756
1.68127 0.210693 -1.20024 0.244107 
1.01756 1.03732
1.67812 0.220002 -1.20939 0.247104 
1.03732 1.05708
1.67488 0.229365 -1.21842 0.250004 
1.05708 1.07684
1.67157 0.238761 -1.22731 0.252807 
1.07684 1.09659
1.66819 0.248169 -1.23604 0.255511 
1.09659 1.11635
1.66476 0.257565 -1.24461 0.258116 
1.11635 1.13611
1.66127 0.266926 -1.25299 0.26062 
1.13611 1.15587
1.65775 0.276227 -1.26118 0.263022 
1.15587 1.17563
1.6542 0.285443 -1.26915 0.265321 
1.17563 1.19539
1.65063 0.294547 -1.2769 0.267517 
1.19539 1.21514
1.64706 0.303512 -1.2844 0.269608 
1.21514 1.2349
1.6435 0.31231 -1.29164 0.271594 
1.2349 1.25466
1.63996 0.320911 -1.2986 0.273474 
1.25466 1.27442
1.63645 0.329285 -1.30528 0.275247 
1.27442 1.29418
1.63301 0.337402 -1.31165 0.276913 
1.29418 1.31394
1.62963 0.345229 -1.3177 0.278471 
1.31394 1.33369
1.62634 0.352734 -1.32341 0.27992 
1.33369 1.35345
1.62316 0.359883 -1.32877 0.28126 
1.35345 1.37321
1.62011 0.366642 -1.33376 0.28249 
1.37321 1.39297
1.61721 0.372976 -1.33837 0.283609 
1.39297 1.41273
1.61449 0.378849 -1.34259 0.284618 
1.41273 1.43249
1.61196 0.384225 -1.3464 0.285516 
1.43249 1.45225
1.60964 0.389066 -1.34977 0.286302 
1.45225 1.472
1.60758 0.393334 -1.35271 0.286977 
1.472 1.49176
1.60578 0.396991 -1.3552 0.287539 
1.49176 1.51152
1.60429 0.399997 -1.35721 0.28799 
1.51152 1.53128
1.60312 0.402313 -1.35875 0.288328 
1.53128 1.55104
1.60231 0.403898 -1.35978 0.288553 
1.55104 1.5708
1.60189 0.404712 -1.36031 0.288666 
-1.5708 -1.55104
-9292.06 -17758.7 -11310.1 -2400.08 
-1.55104 -1.53128
9704.99 18985.2 12379.7 2691.1 
-1.53128 -1.51152
-1897.53 -3745.85 -2464.72 -540.282 
-1.51152 -1.49176
702.515 1414.6 949.36 212.619 
-1.49176 -1.472
-79.3286 -157.72 -104.643 -22.8972 
-1.472 -1.45225
76.8199 160.516 111.549 26.0594 
-1.45225 -1.43249
14.8648 32.5316 23.4204 5.83119 
-1.43249 -1.41273
18.993 41.1772 29.4558 7.23559 
-1.41273 -1.39297
10.9897 24.1817 17.4256 4.39706 
-1.39297 -1.37321
8.70715 19.2659 13.8965 3.55258 
-1.37321 -1.35345
6.4517 14.3385 10.3083 2.68157 
-1.35345 -1.33369
5.09825 11.3385 8.09177 2.13568 
-1.33369 -1.31394
4.0906 9.07194 6.39229 1.71092 
-1.31394 -1.29418
3.37443 7.43676 5.14781 1.39521 
-1.29418 -1.27442
2.84169 6.20182 4.19358 1.14943 
-1.27442 -1.25466
2.44183 5.26054 3.45499 0.956249 
-1.25466 -1.2349
2.13611 4.52956 2.87237 0.801462 
-1.2349 -1.21514
1.89942 3.95456 2.40675 0.675778 
-1.21514 -1.19539
1.7139 3.49652 2.0298 0.572376 
-1.19539 -1.17563
1.56691 3.12765 1.72122 0.486329 
-1.17563 -1.15587
1.44934 2.82762 1.46602 0.413969 
-1.15587 -1.13611
1.35447 2.5814 1.253 0.352537 
-1.13611 -1.11635
1.27732 2.37767 1.07368 0.299925 
-1.11635 -1.09659
1.21413 2.20785 0.921555 0.254502 
-1.09659 -1.07684
1.16203 2.06531 0.791578 0.214993 
-1.07684 -1.05708
1.11882 1.94494 0.679791 0.180389 
-1.05708 -1.03732
1.08279 1.84269 0.583061 0.149887 
-1.03732 -1.01756
1.0526 1.75537 0.498885 0.122838 
-1.01756 -0.997801
1.02718 1.68044 0.425249 0.0987159 
-0.997801 -0.978043
1.0057 1.61585 0.360519 0.0770918 
-0.978043 -0.958285
0.987476 1.55995 0.303361 0.0576112 
-0.958285 -0.938526
0.971961 1.51138 0.252676 0.0399808 
-0.938526 -0.918768
0.958713 1.46903 0.207556 0.0239558 
-0.918768 -0.899009
0.947371 1.432 0.167246 0.00933105 
-0.899009 -0.879251
0.937637 1.39951 0.131112 -0.00406642 
-0.879251 -0.859492
0.929264 1.37095 0.098624 -0.0163832 
-0.859492 -0.839734
0.922051 1.34577 0.0693305 -0.0277439 
-0.839734 -0.819975
0.915827 1.32353 0.04285 -0.0382554 
-0.819975 -0.800217
0.910449 1.30386 0.0188567 -0.048009 
-0.800217 -0.780459
0.905799 1.28643 -0.00292861 -0.0570838 
-0.780459 -0.7607
0.901776 1.27096 -0.0227463 -0.0655479 
-0.7607 -0.740942
0.898293 1.25722 -0.040804 -0.0734607 
-0.740942 -0.721183
0.895277 1.24501 -0.0572816 -0.0808736 
-0.721183 -0.701425
0.892667 1.23416 -0.0723361 -0.0878319 
-0.701425 -0.681666
0.890409 1.2245 -0.0861045 -0.0943749 
-0.681666 -0.661908
0.888457 1.21591 -0.0987069 -0.100537 
-0.661908 -0.642149
0.886772 1.20827 -0.110249 -0.10635 
-0.642149 -0.622391
0.885318 1.20148 -0.120825 -0.11184 
-0.622391 -0.602633
0.884066 1.19545 -0.130518 -0.117031 
-0.602633 -0.582874
0.882991 1.19009 -0.139401 -0.121945 
-0.582874 -0.563116
0.882069 1.18535 -0.147541 -0.1266 
-0.563116 -0.543357
0.881281 1.18115 -0.154997 -0.131013 
-0.543357 -0.523599
0.880609 1.17744 -0.161821 -0.1352 
-0.523599 -0.50384
0.880039 1.17417 -0.168063 -0.139174 
-0.50384 -0.484082
0.879556 1.1713 -0.173767 -0.142947 
-0.484082 -0.464323
0.87915 1.16878 -0.178971 -0.14653 
-0.464323 -0.444565
0.878809 1.16658 -0.183712 -0.149934 
-0.444565 -0.424807
0.878525 1.16466 -0.188024 -0.153167 
-0.424807 -0.405048
0.87829 1.163 -0.191936 -0.156237 
-0.405048 -0.38529
0.878096 1.16156 -0.195479 -0.159152 
-0.38529 -0.365531
0.877938 1.16033 -0.198677 -0.161919 
-0.365531 -0.345773
0.87781 1.15928 -0.201555 -0.164544 
-0.345773 -0.326014
0.877707 1.15839 -0.204136 -0.167032 
-0.326014 -0.306256
0.877625 1.15764 -0.206442 -0.169389 
-0.306256 -0.286497
0.877561 1.15701 -0.208491 -0.17162 
-0.286497 -0.266739
0.877511 1.15649 -0.210304 -0.173729 
-0.266739 -0.246981
0.877474 1.15606 -0.211897 -0.17572 
-0.246981 -0.227222
0.877445 1.15572 -0.213289 -0.177598 
-0.227222 -0.207464
0.877425 1.15545 -0.214494 -0.179366 
-0.207464 -0.187705
0.87741 1.15523 -0.215528 -0.181027 
-0.187705 -0.167947
0.877399 1.15507 -0.216405 -0.182585 
-0.167947 -0.148188
0.877393 1.15494 -0.21714 -0.184043 
-0.148188 -0.12843
0.877388 1.15485 -0.217745 -0.185405 
-0.12843 -0.108671
0.877385 1.15479 -0.218233 -0.186672 
-0.108671 -0.088913
0.877384 1.15475 -0.218616 -0.187848 
-0.088913 -0.0691546
0.877383 1.15472 -0.218907 -0.188935 
-0.0691546 -0.0493961
0.877383 1.15471 -0.219114 -0.189937 
-0.0493961 -0.0296377
0.877383 1.1547 -0.21925 -0.190855 
-0.0296377 -0.00987922
0.877383 1.1547 -0.219325 -0.191693 
-0.00987922 0.00987922
0.877383 1.1547 -0.219347 -0.192453 
0.00987922 0.0296377
0.877383 1.1547 -0.219327 -0.193138 
0.0296377 0.0493961
0.877383 1.1547 -0.219273 -0.193751 
0.0493961 0.0691546
0.877383 1.15469 -0.219192 -0.194294 
0.0691546 0.088913
0.877383 1.15469 -0.219093 -0.19477 
0.088913 0.108671
0.877383 1.15468 -0.218984 -0.195182 
0.108671 0.12843
0.877384 1.15467 -0.218869 -0.195533 
0.12843 0.148188
0.877384 1.15465 -0.218756 -0.195826 
0.148188 0.167947
0.877385 1.15464 -0.21865 -0.196064 
0.167947 0.187705
0.877386 1.15462 -0.218556 -0.196251 
0.187705 0.207464
0.877387 1.1546 -0.218478 -0.19639 
0.207464 0.227222
0.877388 1.15459 -0.218419 -0.196485 
0.227222 0.246981
0.877388 1.15458 -0.218382 -0.19654 
0.246981 0.266739
0.877389 1.15458 -0.218368 -0.196558 
0.266739 0.286497
0.877388 1.15458 -0.218378 -0.196545 
0.286497 0.306256
0.877387 1.15459 -0.218413 -0.196505 
0.306256 0.326014
0.877386 1.15461 -0.21847 -0.196443 
0.326014 0.345773
0.877383 1.15464 -0.218547 -0.196364 
0.345773 0.365531
0.877379 1.15467 -0.218639 -0.196275 
0.365531 0.38529
0.877375 1.15471 -0.218742 -0.196181 
0.38529 0.405048
0.877369 1.15475 -0.218848 -0.19609 
0.405048 0.424807
0.877364 1.15479 -0.218947 -0.196008 
0.424807 0.444565
0.877359 1.15482 -0.219029 -0.195944 
0.444565 0.464323
0.877356 1.15484 -0.219079 -0.195907 
0.464323 0.484082
0.877356 1.15484 -0.219082 -0.195905 
0.484082 0.50384
0.877361 1.15481 -0.219018 -0.195949 
0.50384 0.523599
0.877374 1.15474 -0.218864 -0.19605 
0.523599 0.543357
0.877398 1.1546 -0.218595 -0.196221 
0.543357 0.563116
0.877439 1.15437 -0.21818 -0.196476 
0.563116 0.582874
0.877502 1.15403 -0.217582 -0.19683 
0.582874 0.602633
0.877595 1.15356 -0.216762 -0.197299 
0.602633 0.622391
0.877727 1.1529 -0.215672 -0.197902 
0.622391 0.642149
0.87791 1.15202 -0.214258 -0.198659 
0.642149 0.661908
0.878157 1.15086 -0.212457 -0.199594 
0.661908 0.681666
0.878487 1.14937 -0.210196 -0.200733 
0.681666 0.701425
0.878922 1.14745 -0.207393 -0.202104 
0.701425 0.721183
0.879486 1.14504 -0.203951 -0.203739 
0.721183 0.740942
0.880212 1.14202 -0.199761 -0.205676 
0.740942 0.7607
0.88114 1.13826 -0.194693 -0.207956 
0.7607 0.780459
0.882315 1.13363 -0.188601 -0.210625 
0.780459 0.800217
0.883795 1.12794 -0.181312 -0.213738 
0.800217 0.819975
0.885649 1.12099 -0.172626 -0.217357 
0.819975 0.839734
0.887961 1.11253 -0.162311 -0.22155 
0.839734 0.859492
0.890832 1.10227 -0.150093 -0.2264 
0.859492 0.879251
0.894388 1.08986 -0.135654 -0.232 
0.879251 0.899009
0.898778 1.07488 -0.118617 -0.238458 
0.899009 0.918768
0.904188 1.05683 -0.0985378 -0.245903 
0.918768 0.938526
0.910842 1.0351 -0.0748892 -0.254483 
0.938526 0.958285
0.919018 1.00897 -0.0470428 -0.264373 
0.958285 0.978043
0.929057 0.97754 -0.0142467 -0.275781 
0.978043 0.997801
0.941381 0.939738 0.0244043 -0.288954 
0.997801 1.01756
0.956515 0.894238 0.0700051 -0.304188 
1.01756 1.03732
0.975112 0.839408 0.123888 -0.321839 
1.03732 1.05708
0.997995 0.773229 0.187687 -0.34234 
1.05708 1.07684
1.0262 0.693181 0.263413 -0.366219 
1.07684 1.09659
1.06105 0.596098 0.353569 -0.394127 
1.09659 1.11635
1.10423 0.477974 0.461287 -0.42687 
1.11635 1.13611
1.15791 0.333697 0.590527 -0.46546 
1.13611 1.15587
1.22495 0.15668 0.746337 -0.511174 
1.15587 1.17563
1.30907 -0.0616494 0.935224 -0.565647 
1.17563 1.19539
1.41524 -0.332572 1.16567 -0.630987 
1.19539 1.21514
1.55013 -0.671111 1.44888 -0.709959 
1.21514 1.2349
1.72287 -1.09757 1.79983 -0.806232 
1.2349 1.25466
1.94604 -1.63972 2.23886 -0.924735 
1.25466 1.27442
2.23748 -2.33657 2.79427 -1.07229 
1.27442 1.29418
2.62228 -3.24241 3.50505 -1.2582 
1.29418 1.31394
3.13917 -4.4406 4.43088 -1.49667 
1.31394 1.33369
3.83865 -6.03765 5.64635 -1.80502 
1.33369 1.35345
4.82879 -8.26488 7.31632 -2.2224 
1.35345 1.37321
6.16368 -11.2237 9.50247 -2.76081 
1.37321 1.39297
8.4004 -16.1102 13.0609 -3.62458 
1.39297 1.41273
10.6605 -20.9776 16.5552 -4.46075 
1.41273 1.43249
18.6513 -37.9467 28.5667 -7.29487 
1.43249 1.45225
14.4669 -29.1834 22.4492 -5.87135 
1.45225 1.472
76.5314 -157.394 110.734 -26.1352 
1.472 1.49176
-80.1562 161.941 -106.205 22.9903 
1.49176 1.51152
703.663 -1414.35 950.46 -213.121 
1.51152 1.53128
-1904.17 3761.56 -2473.85 542.037 
1.53128 1.55104
9728.45 -19028.4 12409.1 -2697.73 
1.55104 1.5708
-9385.49 17941.5 -11426.5 2424.78 
