2 39
-1.5708 -1.49024
1.60246 -0.403626 -1.35961 -0.288519 
-1.49024 -1.40969
1.60865 -0.391159 -1.35125 -0.286648 
-1.40969 -1.32914
1.6191 -0.368921 -1.33547 -0.282918 
-1.32914 -1.24858
1.63217 -0.339428 -1.31328 -0.277353 
-1.24858 -1.16803
1.6465 -0.304989 -1.2857 -0.269989 
-1.16803 -1.08747
1.66103 -0.267683 -1.25376 -0.260874 
-1.08747 -1.00692
1.67493 -0.229344 -1.21851 -0.250068 
-1.00692 -0.926367
1.68761 -0.191541 -1.18096 -0.237639 
-0.926367 -0.845813
1.69872 -0.155576 -1.14214 -0.22367 
-0.845813 -0.76526
1.70805 -0.122482 -1.10301 -0.20825 
-0.76526 -0.684706
1.71557 -0.0930177 -1.06451 -0.191479 
-0.684706 -0.604152
1.72135 -0.0676836 -1.02751 -0.173466 
-0.604152 -0.523599
1.72557 -0.046728 -0.992825 -0.154329 
-0.523599 -0.443045
1.72846 -0.0301648 -0.961191 -0.13419 
-0.443045 -0.362491
1.73029 -0.0177935 -0.933268 -0.113182 
-0.362491 -0.281938
1.73132 -0.00922254 -0.909623 -0.0914389 
-0.281938 -0.201384
1.73182 -0.00389621 -0.890731 -0.0691032 
-0.201384 -0.12083
1.73201 -0.00112417 -0.876966 -0.0463193 
-0.12083 -0.0402768
1.73205 -0.000113077 -0.868599 -0.023235 
-0.0402768 0.0402768
1.73205 0 -0.865791 0 
0.0402768 0.12083
1.73205 0.000113077 -0.868599 0.023235 
0.12083 0.201384
1.73201 0.00112417 -0.876966 0.0463193 
0.201384 0.281938
1.73182 0.00389621 -0.890731 0.0691032 
0.281938 0.362491
1.73132 0.00922254 -0.909623 0.0914389 
0.362491 0.443045
1.73029 0.0177935 -0.933268 0.113182 
0.443045 0.523599
1.72846 0.0301648 -0.961191 0.13419 
0.523599 0.604152
1.72557 0.046728 -0.992825 0.154329 
0.604152 0.684706
1.72135 0.0676836 -1.02751 0.173466 
0.684706 0.76526
1.71557 0.0930177 -1.06451 0.191479 
0.76526 0.845813
1.70805 0.122482 -1.10301 0.20825 
0.845813 0.926367
1.69872 0.155576 -1.14214 0.22367 
0.926367 1.00692
1.68761 0.191541 -1.18096 0.237639 
1.00692 1.08747
1.67493 0.229344 -1.21851 0.250068 
1.08747 1.16803
1.66103 0.267683 -1.25376 0.260874 
1.16803 1.24858
1.6465 0.304989 -1.2857 0.269989 
1.24858 1.32914
1.63217 0.339428 -1.31328 0.277353 
1.32914 1.40969
1.6191 0.368921 -1.33547 0.282918 
1.40969 1.49024
1.60865 0.391159 -1.35125 0.286648 
1.49024 1.5708
1.60246 0.403626 -1.35961 0.288519 
-1.5708 -1.49024
-263.062 -507.375 -325.287 -69.028 
-1.49024 -1.40969
228.193 481.569 338.326 79.407 
-1.40969 -1.32914
-39.0711 -87.2037 -65.1478 -15.9979 
-1.32914 -1.24858
13.0331 30.401 23.3343 6.19253 
-1.24858 -1.16803
-0.522127 -2.16846 -2.75085 -0.771411 
-1.16803 -1.08747
1.75869 3.68965 2.26453 0.659887 
-1.08747 -1.00692
0.975557 1.52924 0.277905 0.0509438 
-1.00692 -0.926367
1.00616 1.62041 0.368444 0.0809161 
-0.926367 -0.845813
0.930971 1.37692 0.105606 -0.0136606 
-0.845813 -0.76526
0.90975 1.30165 0.0166165 -0.0487312 
-0.76526 -0.684706
0.894012 1.23996 -0.064002 -0.0838472 
-0.684706 -0.604152
0.886077 1.20519 -0.114783 -0.108569 
-0.604152 -0.523599
0.881603 1.18298 -0.151549 -0.128854 
-0.523599 -0.443045
0.879284 1.16969 -0.176926 -0.14501 
-0.443045 -0.362491
0.878142 1.16195 -0.194391 -0.15815 
-0.362491 -0.281938
0.877636 1.15777 -0.20593 -0.16876 
-0.281938 -0.201384
0.877446 1.15575 -0.213108 -0.177247 
-0.201384 -0.12083
0.877392 1.15494 -0.217121 -0.183889 
-0.12083 -0.0402768
0.877383 1.15472 -0.218941 -0.18891 
-0.0402768 0.0402768
0.877383 1.1547 -0.219375 -0.192502 
0.0402768 0.12083
0.877383 1.15469 -0.219092 -0.194845 
0.12083 0.201384
0.877385 1.15463 -0.218626 -0.19613 
0.201384 0.281938
0.877389 1.15458 -0.218361 -0.19657 
0.281938 0.362491
0.877386 1.15461 -0.218478 -0.196431 
0.362491 0.443045
0.877367 1.15476 -0.218896 -0.196046 
0.443045 0.523599
0.877354 1.15485 -0.219097 -0.195895 
0.523599 0.604152
0.877448 1.15432 -0.218073 -0.196547 
0.604152 0.684706
0.878038 1.15139 -0.213223 -0.199223 
0.684706 0.76526
0.879674 1.14422 -0.202751 -0.204321 
0.76526 0.845813
0.885811 1.12016 -0.171316 -0.218014 
0.845813 0.926367
0.892865 1.09514 -0.141732 -0.229672 
0.926367 1.00692
0.948952 0.913504 0.054339 -0.300225 
1.00692 1.08747
0.888696 1.09303 -0.123953 -0.241202 
1.08747 1.16803
1.65017 -1.00764 1.80775 -0.833308 
1.16803 1.24858
-0.739231 5.12938 -3.44642 0.666134 
1.24858 1.32914
13.0465 -27.994 23.0824 -6.41626 
1.32914 1.40969
-40.4241 92.6948 -67.7201 16.3561 
1.40969 1.49024
232.524 -488.173 344.334 -81.0777 
1.49024 1.5708
-284.271 552.184 -353.779 75.0742 
