1 9
-1.5708 -1.22173
1.61304 -0.38314 -1.34648 -0.285732 
-1.22173 -0.872665
1.67588 -0.228817 -1.22016 -0.251268 
-0.872665 -0.523599
1.71893 -0.0808408 -1.0506 -0.186498 
-0.523599 -0.174533
1.73145 -0.00906849 -0.913522 -0.0992337 
-0.174533 0.174533
1.73198 2.90656e-17 -0.861563 3.18055e-16 
0.174533 0.523599
1.73145 0.00906849 -0.913522 0.0992337 
0.523599 0.872665
1.71893 0.0808408 -1.0506 0.186498 
0.872665 1.22173
1.67588 0.228817 -1.22016 0.251268 
1.22173 1.5708
1.61304 0.38314 -1.34648 0.285732 
