1 159
-1.5708 -1.55104
1.60189 -0.404712 -1.36031 -0.288666 
-1.55104 -1.53128
1.60231 -0.403898 -1.35978 -0.288553 
-1.53128 -1.51152
1.60312 -0.402313 -1.35875 -0.288328 
-1.51152 -1.49176
1.60429 -0.399997 -1.35721 -0.28799 
-1.49176 -1.472
1.60578 -0.396991 -1.3552 -0.287539 
-1.472 -1.45225
1.60758 -0.393334 -1.35271 -0.286977 
-1.45225 -1.43249
1.60964 -0.389066 -1.34977 -0.286302 
-1.43249 -1.41273
1.61196 -0.384225 -1.3464 -0.285516 
-1.41273 -1.39297
1.61449 -0.378849 -1.34259 -0.284618 
-1.39297 -1.37321
1.61721 -0.372976 -1.33837 -0.283609 
-1.37321 -1.35345
1.62011 -0.366642 -1.33376 -0.28249 
-1.35345 -1.33369
1.62316 -0.359883 -1.32877 -0.28126 
-1.33369 -1.31394
1.62634 -0.352734 -1.32341 -0.27992 
-1.31394 -1.29418
1.62963 -0.345229 -1.3177 -0.278471 
-1.29418 -1.27442
1.63301 -0.337402 -1.31165 -0.276913 
-1.27442 -1.25466
1.63645 -0.329285 -1.30528 -0.275247 
-1.25466 -1.2349
1.63996 -0.320911 -1.2986 -0.273474 
-1.2349 -1.21514
1.6435 -0.31231 -1.29164 -0.271594 
-1.21514 -1.19539
1.64706 -0.303512 -1.2844 -0.269608 
-1.19539 -1.17563
1.65063 -0.294547 -1.2769 -0.267517 
-1.17563 -1.15587
1.6542 -0.285443 -1.26915 -0.265321 
-1.15587 -1.13611
1.65775 -0.276227 -1.26118 -0.263022 
-1.13611 -1.11635
1.66127 -0.266926 -1.25299 -0.26062 
-1.11635 -1.09659
1.66476 -0.257565 -1.24461 -0.258116 
-1.09659 -1.07684
1.66819 -0.248169 -1.23604 -0.255511 
-1.07684 -1.05708
1.67157 -0.238761 -1.22731 -0.252807 
-1.05708 -1.03732
1.67488 -0.229365 -1.21842 -0.250004 
-1.03732 -1.01756
1.67812 -0.220002 -1.20939 -0.247104 
-1.01756 -0.997801
1.68127 -0.210693 -1.20024 -0.244107 
-0.997801 -0.978043
1.68435 -0.201456 -1.19098 -0.241014 
-0.978043 -0.958285
1.68733 -0.192312 -1.18164 -0.237828 
-0.958285 -0.938526
1.69021 -0.183278 -1.17221 -0.234549 
-0.938526 -0.918768
1.693 -0.174371 -1.16272 -0.231178 
-0.918768 -0.899009
1.69568 -0.165606 -1.15318 -0.227717 
-0.899009 -0.879251
1.69826 -0.156999 -1.1436 -0.224167 
-0.879251 -0.859492
1.70073 -0.148563 -1.13401 -0.220529 
-0.859492 -0.839734
1.7031 -0.140311 -1.12441 -0.216806 
-0.839734 -0.819975
1.70535 -0.132255 -1.11481 -0.212998 
-0.819975 -0.800217
1.7075 -0.124405 -1.10524 -0.209106 
-0.800217 -0.780459
1.70954 -0.116773 -1.0957 -0.205133 
-0.780459 -0.7607
1.71146 -0.109367 -1.08621 -0.20108 
-0.7607 -0.740942
1.71328 -0.102195 -1.07679 -0.196949 
-0.740942 -0.721183
1.71499 -0.0952633 -1.06743 -0.19274 
-0.721183 -0.701425
1.7166 -0.0885794 -1.05816 -0.188457 
-0.701425 -0.681666
1.7181 -0.0821482 -1.04899 -0.184099 
-0.681666 -0.661908
1.71951 -0.075974 -1.03994 -0.17967 
-0.661908 -0.642149
1.72081 -0.0700603 -1.031 -0.175171 
-0.642149 -0.622391
1.72202 -0.0644098 -1.0222 -0.170603 
-0.622391 -0.602633
1.72314 -0.0590243 -1.01355 -0.165969 
-0.602633 -0.582874
1.72417 -0.0539047 -1.00505 -0.16127 
-0.582874 -0.563116
1.72511 -0.0490512 -0.996728 -0.156508 
-0.563116 -0.543357
1.72597 -0.044463 -0.98858 -0.151685 
-0.543357 -0.523599
1.72675 -0.0401387 -0.980622 -0.146803 
-0.523599 -0.50384
1.72746 -0.036076 -0.972862 -0.141863 
-0.50384 -0.484082
1.7281 -0.032272 -0.965312 -0.136868 
-0.484082 -0.464323
1.72867 -0.0287229 -0.957981 -0.13182 
-0.464323 -0.444565
1.72918 -0.0254244 -0.950877 -0.12672 
-0.444565 -0.424807
1.72964 -0.0223713 -0.944009 -0.12157 
-0.424807 -0.405048
1.73004 -0.0195578 -0.937386 -0.116374 
-0.405048 -0.38529
1.73038 -0.0169776 -0.931016 -0.111131 
-0.38529 -0.365531
1.73069 -0.0146237 -0.924907 -0.105846 
-0.365531 -0.345773
1.73095 -0.0124884 -0.919065 -0.100519 
-0.345773 -0.326014
1.73117 -0.0105637 -0.913499 -0.0951526 
-0.326014 -0.306256
1.73136 -0.00884082 -0.908214 -0.0897493 
-0.306256 -0.286497
1.73151 -0.00731058 -0.903217 -0.0843109 
-0.286497 -0.266739
1.73164 -0.00596332 -0.898515 -0.0788396 
-0.266739 -0.246981
1.73174 -0.00478891 -0.894112 -0.0733376 
-0.246981 -0.227222
1.73183 -0.00377681 -0.890014 -0.0678069 
-0.227222 -0.207464
1.73189 -0.00291606 -0.886226 -0.0622497 
-0.207464 -0.187705
1.73194 -0.00219536 -0.882752 -0.0566682 
-0.187705 -0.167947
1.73198 -0.00160306 -0.879597 -0.0510647 
-0.167947 -0.148188
1.73201 -0.00112721 -0.876763 -0.0454411 
-0.148188 -0.12843
1.73202 -0.000755568 -0.874255 -0.0397999 
-0.12843 -0.108671
1.73204 -0.000475654 -0.872076 -0.0341431 
-0.108671 -0.088913
1.73204 -0.00027477 -0.870227 -0.028473 
-0.088913 -0.0691546
1.73205 -0.000140031 -0.868712 -0.0227917 
-0.0691546 -0.0493961
1.73205 -5.83941e-05 -0.867531 -0.0171016 
-0.0493961 -0.0296377
1.73205 -1.66938e-05 -0.866687 -0.0114048 
-0.0296377 -0.00987922
1.73205 -1.66997e-06 -0.86618 -0.00570349 
-0.00987922 0.00987922
1.73205 -2.37263e-18 -0.866011 3.74599e-15 
0.00987922 0.0296377
1.73205 1.66997e-06 -0.86618 0.00570349 
0.0296377 0.0493961
1.73205 1.66938e-05 -0.866687 0.0114048 
0.0493961 0.0691546
1.73205 5.83941e-05 -0.867531 0.0171016 
0.0691546 0.088913
1.73205 0.000140031 -0.868712 0.0227917 
0.088913 0.108671
1.73204 0.00027477 -0.870227 0.028473 
0.108671 0.12843
1.73204 0.000475654 -0.872076 0.0341431 
0.12843 0.148188
1.73202 0.000755568 -0.874255 0.0397999 
0.148188 0.167947
1.73201 0.00112721 -0.876763 0.0454411 
0.167947 0.187705
1.73198 0.00160306 -0.879597 0.0510647 
0.187705 0.207464
1.73194 0.00219536 -0.882752 0.0566682 
0.207464 0.227222
1.73189 0.00291606 -0.886226 0.0622497 
0.227222 0.246981
1.73183 0.00377681 -0.890014 0.0678069 
0.246981 0.266739
1.73174 0.00478891 -0.894112 0.0733376 
0.266739 0.286497
1.73164 0.00596332 -0.898515 0.0788396 
0.286497 0.306256
1.73151 0.00731058 -0.903217 0.0843109 
0.306256 0.326014
1.73136 0.00884082 -0.908214 0.0897493 
0.326014 0.345773
1.73117 0.0105637 -0.913499 0.0951526 
0.345773 0.365531
1.73095 0.0124884 -0.919065 0.100519 
0.365531 0.38529
1.73069 0.0146237 -0.924907 0.105846 
0.38529 0.405048
1.73038 0.0169776 -0.931016 0.111131 
0.405048 0.424807
1.73004 0.0195578 -0.937386 0.116374 
0.424807 0.444565
1.72964 0.0223713 -0.944009 0.12157 
0.444565 0.464323
1.72918 0.0254244 -0.950877 0.12672 
0.464323 0.484082
1.72867 0.0287229 -0.957981 0.13182 
0.484082 0.50384
1.7281 0.032272 -0.965312 0.136868 
0.50384 0.523599
1.72746 0.036076 -0.972862 0.141863 
0.523599 0.543357
1.72675 0.0401387 -0.980622 0.146803 
0.543357 0.563116
1.72597 0.044463 -0.98858 0.151685 
0.563116 0.582874
1.72511 0.0490512 -0.996728 0.156508 
0.582874 0.602633
1.72417 0.0539047 -1.00505 0.16127 
0.602633 0.622391
1.72314 0.0590243 -1.01355 0.165969 
0.622391 0.642149
1.72202 0.0644098 -1.0222 0.170603 
0.642149 0.661908
1.72081 0.0700603 -1.031 0.175171 
0.661908 0.681666
1.71951 0.075974 -1.03994 0.17967 
0.681666 0.701425
1.7181 0.0821482 -1.04899 0.184099 
0.701425 0.721183
1.7166 0.0885794 -1.05816 0.188457 
0.721183 0.740942
1.71499 0.0952633 -1.06743 0.19274 
0.740942 0.7607
1.71328 0.102195 -1.07679 0.196949 
0.7607 0.780459
1.71146 0.109367 -1.08621 0.20108 
0.780459 0.800217
1.70954 0.116773 -1.0957 0.205133 
0.800217 0.819975
1.7075 0.124405 -1.10524 0.209106 
0.819975 0.839734
1.70535 0.132255 -1.11481 0.212998 
0.839734 0.859492
1.7031 0.140311 -1.12441 0.216806 
0.859492 0.879251
1.70073 0.148563 -1.13401 0.220529 
0.879251 0.899009
1.69826 0.156999 -1.1436 0.224167 
0.899009 0.918768
1.69568 0.165606 -1.15318 0.227717 
0.918768 0.938526
1.693 0.174371 -1.16272 0.231178 
0.938526 0.958285
1.69021 0.183278 -1.17221 0.234549 
0.958285 0.978043
1.68733 0.192312 -1.18164 0.237828 
0.978043 0.997801
1.68435 0.201456 -1.19098 0.241014 
0.997801 1.01756
1.68127 0.210693 -1.20024 0.244107 
1.01756 1.03732
1.67812 0.220002 -1.20939 0.247104 
1.03732 1.05708
1.67488 0.229365 -1.21842 0.250004 
1.05708 1.07684
1.67157 0.238761 -1.22731 0.252807 
1.07684 1.09659
1.66819 0.248169 -1.23604 0.255511 
1.09659 1.11635
1.66476 0.257565 -1.24461 0.258116 
1.11635 1.13611
1.66127 0.266926 -1.25299 0.26062 
1.13611 1.15587
1.65775 0.276227 -1.26118 0.263022 
1.15587 1.17563
1.6542 0.285443 -1.26915 0.265321 
1.17563 1.19539
1.65063 0.294547 -1.2769 0.267517 
1.19539 1.21514
1.64706 0.303512 -1.2844 0.269608 
1.21514 1.2349
1.6435 0.31231 -1.29164 0.271594 
1.2349 1.25466
1.63996 0.320911 -1.2986 0.273474 
1.25466 1.27442
1.63645 0.329285 -1.30528 0.275247 
1.27442 1.29418
1.63301 0.337402 -1.31165 0.276913 
1.29418 1.31394
1.62963 0.345229 -1.3177 0.278471 
1.31394 1.33369
1.62634 0.352734 -1.32341 0.27992 
1.33369 1.35345
1.62316 0.359883 -1.32877 0.28126 
1.35345 1.37321
1.62011 0.366642 -1.33376 0.28249 
1.37321 1.39297
1.61721 0.372976 -1.33837 0.283609 
1.39297 1.41273
1.61449 0.378849 -1.34259 0.284618 
1.41273 1.43249
1.61196 0.384225 -1.3464 0.285516 
1.43249 1.45225
1.60964 0.389066 -1.34977 0.286302 
1.45225 1.472
1.60758 0.393334 -1.35271 0.286977 
1.472 1.49176
1.60578 0.396991 -1.3552 0.287539 
1.49176 1.51152
1.60429 0.399997 -1.35721 0.28799 
1.51152 1.53128
1.60312 0.402313 -1.35875 0.288328 
1.53128 1.55104
1.60231 0.403898 -1.35978 0.288553 
1.55104 1.5708
1.60189 0.404712 -1.36031 0.288666 
