1 39
-1.5708 -1.49024
1.60246 -0.403626 -1.35961 -0.288519 
-1.49024 -1.40969
1.60865 -0.391159 -1.35125 -0.286648 
-1.40969 -1.32914
1.6191 -0.368921 -1.33547 -0.282918 
-1.32914 -1.24858
1.63217 -0.339428 -1.31328 -0.277353 
-1.24858 -1.16803
1.6465 -0.304989 -1.2857 -0.269989 
-1.16803 -1.08747
1.66103 -0.267683 -1.25376 -0.260874 
-1.08747 -1.00692
1.67493 -0.229344 -1.21851 -0.250068 
-1.00692 -0.926367
1.68761 -0.191541 -1.18096 -0.237639 
-0.926367 -0.845813
1.69872 -0.155576 -1.14214 -0.22367 
-0.845813 -0.76526
1.70805 -0.122482 -1.10301 -0.20825 
-0.76526 -0.684706
1.71557 -0.0930177 -1.06451 -0.191479 
-0.684706 -0.604152
1.72135 -0.0676836 -1.02751 -0.173466 
-0.604152 -0.523599
1.72557 -0.046728 -0.992825 -0.154329 
-0.523599 -0.443045
1.72846 -0.0301648 -0.961191 -0.13419 
-0.443045 -0.362491
1.73029 -0.0177935 -0.933268 -0.113182 
-0.362491 -0.281938
1.73132 -0.00922254 -0.909623 -0.0914389 
-0.281938 -0.201384
1.73182 -0.00389621 -0.890731 -0.0691032 
-0.201384 -0.12083
1.73201 -0.00112417 -0.876966 -0.0463193 
-0.12083 -0.0402768
1.73205 -0.000113077 -0.868599 -0.023235 
-0.0402768 0.0402768
1.73205 0 -0.865791 0 
0.0402768 0.12083
1.73205 0.000113077 -0.868599 0.023235 
0.12083 0.201384
1.73201 0.00112417 -0.876966 0.0463193 
0.201384 0.281938
1.73182 0.00389621 -0.890731 0.0691032 
0.281938 0.362491
1.73132 0.00922254 -0.909623 0.0914389 
0.362491 0.443045
1.73029 0.0177935 -0.933268 0.113182 
0.443045 0.523599
1.72846 0.0301648 -0.961191 0.13419 
0.523599 0.604152
1.72557 0.046728 -0.992825 0.154329 
0.604152 0.684706
1.72135 0.0676836 -1.02751 0.173466 
0.684706 0.76526
1.71557 0.0930177 -1.06451 0.191479 
0.76526 0.845813
1.70805 0.122482 -1.10301 0.20825 
0.845813 0.926367
1.69872 0.155576 -1.14214 0.22367 
0.926367 1.00692
1.68761 0.191541 -1.18096 0.237639 
1.00692 1.08747
1.67493 0.229344 -1.21851 0.250068 
1.08747 1.16803
1.66103 0.267683 -1.25376 0.260874 
1.16803 1.24858
1.6465 0.304989 -1.2857 0.269989 
1.24858 1.32914
1.63217 0.339428 -1.31328 0.277353 
1.32914 1.40969
1.6191 0.368921 -1.33547 0.282918 
1.40969 1.49024
1.60865 0.391159 -1.35125 0.286648 
1.49024 1.5708
1.60246 0.403626 -1.35961 0.288519 
