1 15
-1 -0.866667
-14.3304 -50.7811 -58.6243 -19.5414 
-0.866667 -0.733333
3.50978 10.9733 12.6308 7.86439 
-0.733333 -0.6
0.618973 -0.852722 -3.49558 0.534197 
-0.6 -0.466667
1.04648 1.2848 0.0669571 2.51338 
-0.466667 -0.333333
0.994325 0.949533 -0.651472 2.00022 
-0.333333 -0.2
1.00015 1.00198 -0.494144 2.15755 
-0.2 -0.0666667
0.999989 0.999536 -0.50634 2.13722 
-0.0666667 0.0666667
0.999999 0.999982 -0.499647 2.17068 
0.0666667 0.2
0.999996 1.00014 -0.501963 2.18227 
0.2 0.333333
0.999491 1.00772 -0.53986 2.24543 
0.333333 0.466667
1.00323 0.974086 -0.43897 2.14454 
0.466667 0.6
0.949665 1.31841 -1.17682 2.67157 
0.6 0.733333
1.33717 -0.619093 2.05236 0.877581 
0.733333 0.866667
-1.38107 10.501 -13.1113 7.77017 
0.866667 1
15.2172 -46.9544 53.1833 -17.7278 
