1 15
-1 -0.866667
-39.1745 -91.7572 -55.2149 
-0.866667 -0.733333
4.76589 9.64363 3.28563 
-0.733333 -0.6
-0.106637 -3.64507 -5.77484 
-0.6 -0.466667
0.806601 -0.600941 -3.23807 
-0.466667 -0.333333
0.927123 -0.0844213 -2.68466 
-0.333333 -0.2
1.02724 0.516274 -1.78361 
-0.2 -0.0666667
1.06123 0.856167 -0.933882 
-0.0666667 0.0666667
1.06509 0.971949 -0.0655168 
0.0666667 0.2
1.06897 0.855336 0.809078 
0.2 0.333333
1.10477 0.497406 1.7039 
0.333333 0.466667
1.19969 -0.0721454 2.55823 
0.466667 0.6
1.45593 -1.17033 3.73485 
0.6 0.733333
1.23889 -0.446834 3.13194 
0.733333 0.866667
6.55317 -14.9403 13.0139 
0.866667 1
-31.8279 73.6315 -38.0852 
