1 40
-1 -0.95
-18.8055 -59.1989 -61.8659 -21.511 
-0.95 -0.9
4.77347 15.261 16.5128 5.99032 
-0.9 -0.85
-0.551817 -2.49 -3.21045 -1.3146 
-0.85 -0.8
0.703286 1.93977 2.00105 0.729128 
-0.8 -0.75
0.483325 1.11492 0.969979 0.299516 
-0.75 -0.7
0.600798 1.58481 1.5965 0.577971 
-0.7 -0.65
0.653801 1.81197 1.92101 0.732499 
-0.65 -0.6
0.731872 2.17229 2.47536 1.01678 
-0.6 -0.55
0.816601 2.59594 3.18144 1.40905 
-0.55 -0.5
0.912212 3.11745 4.12964 1.98371 
-0.5 -0.45
1.01657 3.74362 5.38198 2.81861 
-0.45 -0.4
1.1258 4.47179 7.00013 4.01724 
-0.4 -0.35
1.2308 5.25927 8.96884 5.65783 
-0.35 -0.3
1.31449 5.97668 11.0186 7.60997 
-0.3 -0.25
1.35015 6.33321 12.207 8.93044 
-0.25 -0.2
1.30747 5.82111 10.1586 6.19921 
-0.2 -0.15
1.18258 3.94775 0.791808 -9.41209 
-0.15 -0.1
1.0439 1.17418 -17.6987 -50.5021 
-0.1 -0.05
0.995237 -0.285797 -32.2984 -99.1679 
-0.05 0
1 1.11022e-16 -26.5825 -61.0617 
0 0.05
1 -1.44416e-16 -26.5825 61.0617 
0.05 0.1
0.995237 0.285797 -32.2984 99.1679 
0.1 0.15
1.0439 -1.17418 -17.6987 50.5021 
0.15 0.2
1.18258 -3.94775 0.791808 9.41209 
0.2 0.25
1.30747 -5.82111 10.1586 -6.19921 
0.25 0.3
1.35015 -6.33321 12.207 -8.93044 
0.3 0.35
1.31449 -5.97668 11.0186 -7.60997 
0.35 0.4
1.2308 -5.25927 8.96884 -5.65783 
0.4 0.45
1.1258 -4.47179 7.00013 -4.01724 
0.45 0.5
1.01657 -3.74362 5.38198 -2.81861 
0.5 0.55
0.912212 -3.11745 4.12964 -1.98371 
0.55 0.6
0.816601 -2.59594 3.18144 -1.40905 
0.6 0.65
0.731872 -2.17229 2.47536 -1.01678 
0.65 0.7
0.653801 -1.81197 1.92101 -0.732499 
0.7 0.75
0.600798 -1.58481 1.5965 -0.577971 
0.75 0.8
0.483325 -1.11492 0.969979 -0.299516 
0.8 0.85
0.703286 -1.93977 2.00105 -0.729128 
0.85 0.9
-0.551817 2.49 -3.21045 1.3146 
0.9 0.95
4.77347 -15.261 16.5128 -5.99032 
0.95 1
-18.8055 59.1989 -61.8659 21.511 
