1 20
-1 -0.9
-3.82678 -12.9804 -14.3652 -5.24996 
-0.9 -0.8
1.25633 3.96323 4.46114 1.72274 
-0.8 -0.7
0.4127 0.79964 0.506647 0.075037 
-0.7 -0.6
0.720969 2.12079 2.39401 0.97378 
-0.6 -0.5
0.84596 2.74575 3.4356 1.55244 
-0.5 -0.4
1.09586 4.24516 6.43442 3.55165 
-0.4 -0.3
1.23504 5.28901 9.04406 5.72636 
-0.3 -0.2
1.41887 7.12733 15.1718 12.535 
-0.2 -0.1
1.05628 1.68843 -12.0227 -32.7893 
-0.1 0
1 1.33227e-15 -28.907 -89.0702 
0 0.1
1 -1.13679e-16 -28.907 89.0702 
0.1 0.2
1.05628 -1.68843 -12.0227 32.7893 
0.2 0.3
1.41887 -7.12733 15.1718 -12.535 
0.3 0.4
1.23504 -5.28901 9.04406 -5.72636 
0.4 0.5
1.09586 -4.24516 6.43442 -3.55165 
0.5 0.6
0.84596 -2.74575 3.4356 -1.55244 
0.6 0.7
0.720969 -2.12079 2.39401 -0.97378 
0.7 0.8
0.4127 -0.79964 0.506647 -0.075037 
0.8 0.9
1.25633 -3.96323 4.46114 -1.72274 
0.9 1
-3.82678 12.9804 -14.3652 5.24996 
