1 80
-1 -0.975
-81.2261 -249.023 -254.253 -86.4941 
-0.975 -0.95
20.6022 64.2946 67.0988 23.3697 
-0.95 -0.925
-4.61603 -15.3419 -16.7291 -6.04362 
-0.925 -0.9
1.6441 4.96121 5.22024 1.86604 
-0.9 -0.875
0.123011 -0.109097 -0.413439 -0.220502 
-0.875 -0.85
0.523081 1.26257 1.15418 0.376687 
-0.85 -0.825
0.452041 1.01184 0.859205 0.26101 
-0.825 -0.8
0.498511 1.18082 1.06403 0.343768 
-0.8 -0.775
0.518198 1.25465 1.15632 0.38222 
-0.775 -0.75
0.546565 1.36446 1.298 0.443159 
-0.75 -0.725
0.575112 1.47865 1.45025 0.510828 
-0.725 -0.7
0.606069 1.60675 1.62694 0.592063 
-0.7 -0.675
0.639058 1.74812 1.82891 0.688239 
-0.675 -0.65
0.674328 1.90488 2.06114 0.802921 
-0.65 -0.625
0.711967 2.0786 2.32841 0.939979 
-0.625 -0.6
0.752083 2.27116 2.6365 1.10429 
-0.6 -0.575
0.794743 2.48446 2.99199 1.30179 
-0.575 -0.55
0.83997 2.72042 3.40237 1.53969 
-0.55 -0.525
0.887715 2.98085 3.87587 1.82666 
-0.525 -0.5
0.937829 3.26722 4.42134 2.17299 
-0.5 -0.475
0.990021 3.58037 5.04763 2.59052 
-0.475 -0.45
1.0438 3.92001 5.76268 3.09231 
-0.45 -0.425
1.0984 4.28405 6.57166 3.69155 
-0.425 -0.4
1.15273 4.66752 7.47393 4.39922 
-0.4 -0.375
1.20521 5.06113 8.45796 5.21924 
-0.375 -0.35
1.25374 5.44933 9.49316 6.13942 
-0.35 -0.325
1.29556 5.80782 10.5174 7.11491 
-0.325 -0.3
1.32729 6.10074 11.4187 8.0393 
-0.3 -0.275
1.34504 6.27822 12.0103 8.69662 
-0.275 -0.25
1.34482 6.27588 12.0018 8.6863 
-0.25 -0.225
1.32346 6.01945 10.9761 7.3187 
-0.225 -0.2
1.27996 5.43949 8.39848 3.50003 
-0.2 -0.175
1.21745 4.50188 3.71043 -4.31338 
-0.175 -0.15
1.14472 3.25497 -3.41477 -17.8852 
-0.15 -0.125
1.07578 1.87622 -12.6064 -38.3111 
-0.125 -0.1
1.02546 0.668595 -22.2674 -64.0738 
-0.1 -0.075
1.00114 -0.0608587 -29.562 -88.3889 
-0.075 -0.05
0.996957 -0.228369 -31.7954 -98.3154 
-0.05 -0.025
0.999237 -0.0916026 -29.0601 -80.08 
-0.025 0
1 2.08167e-16 -25.396 -31.2252 
0 0.025
1 1.82281e-16 -25.396 31.2252 
0.025 0.05
0.999237 0.0916026 -29.0601 80.08 
0.05 0.075
0.996957 0.228369 -31.7954 98.3154 
0.075 0.1
1.00114 0.0608587 -29.562 88.3889 
0.1 0.125
1.02546 -0.668595 -22.2674 64.0738 
0.125 0.15
1.07578 -1.87622 -12.6064 38.3111 
0.15 0.175
1.14472 -3.25497 -3.41477 17.8852 
0.175 0.2
1.21745 -4.50188 3.71043 4.31338 
0.2 0.225
1.27996 -5.43949 8.39848 -3.50003 
0.225 0.25
1.32346 -6.01945 10.9761 -7.3187 
0.25 0.275
1.34482 -6.27588 12.0018 -8.6863 
0.275 0.3
1.34504 -6.27822 12.0103 -8.69662 
0.3 0.325
1.32729 -6.10074 11.4187 -8.0393 
0.325 0.35
1.29556 -5.80782 10.5174 -7.11491 
0.35 0.375
1.25374 -5.44933 9.49316 -6.13942 
0.375 0.4
1.20521 -5.06113 8.45796 -5.21924 
0.4 0.425
1.15273 -4.66752 7.47393 -4.39922 
0.425 0.45
1.0984 -4.28405 6.57166 -3.69155 
0.45 0.475
1.0438 -3.92001 5.76268 -3.09231 
0.475 0.5
0.990021 -3.58037 5.04763 -2.59052 
0.5 0.525
0.937829 -3.26722 4.42134 -2.17299 
0.525 0.55
0.887715 -2.98085 3.87587 -1.82666 
0.55 0.575
0.83997 -2.72042 3.40237 -1.53969 
0.575 0.6
0.794743 -2.48446 2.99199 -1.30179 
0.6 0.625
0.752083 -2.27116 2.6365 -1.10429 
0.625 0.65
0.711967 -2.0786 2.32841 -0.939979 
0.65 0.675
0.674328 -1.90488 2.06114 -0.802921 
0.675 0.7
0.639058 -1.74812 1.82891 -0.688239 
0.7 0.725
0.606069 -1.60675 1.62694 -0.592063 
0.725 0.75
0.575112 -1.47865 1.45025 -0.510828 
0.75 0.775
0.546565 -1.36446 1.298 -0.443159 
0.775 0.8
0.518198 -1.25465 1.15632 -0.38222 
0.8 0.825
0.498511 -1.18082 1.06403 -0.343768 
0.825 0.85
0.452041 -1.01184 0.859205 -0.26101 
0.85 0.875
0.523081 -1.26257 1.15418 -0.376687 
0.875 0.9
0.123011 0.109097 -0.413439 0.220502 
0.9 0.925
1.6441 -4.96121 5.22024 -1.86604 
0.925 0.95
-4.61603 15.3419 -16.7291 6.04362 
0.95 0.975
20.6022 -64.2946 67.0988 -23.3697 
0.975 1
-81.2261 249.023 -254.253 86.4941 
